652548960069
934560518741
545060797993
736200525038
870565823582
534368736985
391786781025
933250773656
296315279665
857601012275
136232403127
883314338664
656586335338
432402894358
35537779773
550137786849
663242747366
898204764362
607653700607
305621150213
760981128722
259444658114
238073939892
296317009426
61121322518
412061403622
115763592217
610714033279
287730407278
330149148351
87329107004
652821786882
178728570623
494604231283
114123880800
838693053814
339561957083
15464473295
665024210214
87260879609
38405518313
125807319772
521240749355
823868034514
414921404546
148826637181
310789943154
795764352072
92772537197
249658499471
393623237928
259021538957
731630471460
956779728373
317360355617
90253753596
822021335214
157201383475
820261205465
636741724216
810571165443
391691705489
933814316477
92991662514
588253872049
875778089446
913152299332
120484792695
536085065214
141114915393
118146788084
455173668399
942348172003
657758960614
20230985332
74912226528
167181857359
302482490458
961753836942
478177401219
202550391283
719182458187
292738292271
465712636526
554890732641
159419884543
239142965876
213232054807
172755590484
38322640476
368632382826
124195903276
211686505592
520446382871
551532996218
836083820927
635415509972
357180197616
733608184902
781577206966